0	0	418914.0
0	1000000	56646.0
1000000	1000000	216023.0
0	2000000	43608.0
1000000	2000000	58519.0
2000000	2000000	424065.0
0	3000000	18756.0
1000000	3000000	14548.0
2000000	3000000	129881.0
3000000	3000000	591039.0
0	4000000	8827.0
1000000	4000000	9209.0
2000000	4000000	20676.0
3000000	4000000	104141.0
4000000	4000000	520402.0
0	5000000	12844.0
1000000	5000000	14177.0
2000000	5000000	20495.0
3000000	5000000	53140.0
4000000	5000000	88599.0
5000000	5000000	341222.0
0	6000000	11768.0
1000000	6000000	12416.0
2000000	6000000	15837.0
3000000	6000000	25243.0
4000000	6000000	22987.0
5000000	6000000	134303.0
6000000	6000000	361871.0
0	7000000	9015.0
1000000	7000000	12197.0
2000000	7000000	9254.0
3000000	7000000	11520.0
4000000	7000000	13093.0
5000000	7000000	32707.0
6000000	7000000	67732.0
7000000	7000000	307921.0
0	8000000	10828.0
1000000	8000000	8438.0
2000000	8000000	11247.0
3000000	8000000	15171.0
4000000	8000000	11499.0
5000000	8000000	26381.0
6000000	8000000	40684.0
7000000	8000000	107240.0
8000000	8000000	424983.0
0	9000000	8849.0
1000000	9000000	3659.0
2000000	9000000	10838.0
3000000	9000000	13758.0
4000000	9000000	9806.0
5000000	9000000	11796.0
6000000	9000000	16481.0
7000000	9000000	19385.0
8000000	9000000	129212.0
9000000	9000000	557783.0
0	10000000	7373.0
1000000	10000000	4406.0
2000000	10000000	7597.0
3000000	10000000	9572.0
4000000	10000000	7082.0
5000000	10000000	10664.0
6000000	10000000	12703.0
7000000	10000000	14979.0
8000000	10000000	36102.0
9000000	10000000	103657.0
10000000	10000000	489657.0
0	11000000	7386.0
1000000	11000000	4820.0
2000000	11000000	7518.0
3000000	11000000	9618.0
4000000	11000000	6698.0
5000000	11000000	10533.0
6000000	11000000	11979.0
7000000	11000000	12894.0
8000000	11000000	24916.0
9000000	11000000	44914.0
10000000	11000000	186188.0
11000000	11000000	446069.0
0	12000000	8463.0
1000000	12000000	3858.0
2000000	12000000	9004.0
3000000	12000000	10007.0
4000000	12000000	5367.0
5000000	12000000	8023.0
6000000	12000000	8922.0
7000000	12000000	8320.0
8000000	12000000	16382.0
9000000	12000000	27585.0
10000000	12000000	37673.0
11000000	12000000	101835.0
12000000	12000000	516350.0
0	13000000	10499.0
1000000	13000000	5107.0
2000000	13000000	9808.0
3000000	13000000	9949.0
4000000	13000000	6521.0
5000000	13000000	9387.0
6000000	13000000	10906.0
7000000	13000000	9890.0
8000000	13000000	16793.0
9000000	13000000	18680.0
10000000	13000000	18744.0
11000000	13000000	26912.0
12000000	13000000	112769.0
13000000	13000000	537138.0
0	14000000	5338.0
1000000	14000000	5653.0
2000000	14000000	4100.0
3000000	14000000	3922.0
4000000	14000000	4179.0
5000000	14000000	6170.0
6000000	14000000	7011.0
7000000	14000000	9872.0
8000000	14000000	8135.0
9000000	14000000	4995.0
10000000	14000000	6070.0
11000000	14000000	8101.0
12000000	14000000	11974.0
13000000	14000000	74765.0
14000000	14000000	172432.0
0	15000000	999.0
1000000	15000000	1537.0
2000000	15000000	663.0
3000000	15000000	613.0
4000000	15000000	1132.0
5000000	15000000	1189.0
6000000	15000000	1405.0
7000000	15000000	2614.0
8000000	15000000	1308.0
9000000	15000000	713.0
10000000	15000000	942.0
11000000	15000000	1165.0
12000000	15000000	1340.0
13000000	15000000	4579.0
14000000	15000000	20209.0
15000000	15000000	33994.0
0	18000000	4861.0
1000000	18000000	3059.0
2000000	18000000	3356.0
3000000	18000000	2997.0
4000000	18000000	2664.0
5000000	18000000	3603.0
6000000	18000000	4145.0
7000000	18000000	4460.0
8000000	18000000	4518.0
9000000	18000000	3539.0
10000000	18000000	3439.0
11000000	18000000	3816.0
12000000	18000000	5105.0
13000000	18000000	11210.0
14000000	18000000	11703.0
15000000	18000000	5369.0
18000000	18000000	192261.0
0	19000000	7574.0
1000000	19000000	4346.0
2000000	19000000	6794.0
3000000	19000000	6602.0
4000000	19000000	4003.0
5000000	19000000	6584.0
6000000	19000000	6987.0
7000000	19000000	6141.0
8000000	19000000	8356.0
9000000	19000000	7446.0
10000000	19000000	7281.0
11000000	19000000	8316.0
12000000	19000000	11237.0
13000000	19000000	16893.0
14000000	19000000	8111.0
15000000	19000000	1332.0
18000000	19000000	82722.0
19000000	19000000	474188.0
0	20000000	5590.0
1000000	20000000	3043.0
2000000	20000000	5941.0
3000000	20000000	6730.0
4000000	20000000	4065.0
5000000	20000000	4986.0
6000000	20000000	5509.0
7000000	20000000	4502.0
8000000	20000000	6617.0
9000000	20000000	7420.0
10000000	20000000	6902.0
11000000	20000000	7598.0
12000000	20000000	10018.0
13000000	20000000	12487.0
14000000	20000000	4735.0
15000000	20000000	774.0
18000000	20000000	21385.0
19000000	20000000	103563.0
20000000	20000000	546992.0
0	21000000	5325.0
1000000	21000000	2423.0
2000000	21000000	6307.0
3000000	21000000	7621.0
4000000	21000000	4516.0
5000000	21000000	5048.0
6000000	21000000	5305.0
7000000	21000000	3760.0
8000000	21000000	6393.0
9000000	21000000	7536.0
10000000	21000000	7084.0
11000000	21000000	7529.0
12000000	21000000	9652.0
13000000	21000000	10578.0
14000000	21000000	3346.0
15000000	21000000	448.0
18000000	21000000	10223.0
19000000	21000000	34930.0
20000000	21000000	134449.0
21000000	21000000	556503.0
0	22000000	4151.0
1000000	22000000	3816.0
2000000	22000000	3868.0
3000000	22000000	4500.0
4000000	22000000	3230.0
5000000	22000000	6033.0
6000000	22000000	5879.0
7000000	22000000	5305.0
8000000	22000000	5798.0
9000000	22000000	3430.0
10000000	22000000	4644.0
11000000	22000000	5387.0
12000000	22000000	4623.0
13000000	22000000	5947.0
14000000	22000000	3719.0
15000000	22000000	743.0
18000000	22000000	7404.0
19000000	22000000	19374.0
20000000	22000000	23821.0
21000000	22000000	76657.0
22000000	22000000	317624.0
0	23000000	4689.0
1000000	23000000	2943.0
2000000	23000000	5146.0
3000000	23000000	5863.0
4000000	23000000	4334.0
5000000	23000000	4794.0
6000000	23000000	4937.0
7000000	23000000	3883.0
8000000	23000000	5059.0
9000000	23000000	4928.0
10000000	23000000	4679.0
11000000	23000000	4833.0
12000000	23000000	5181.0
13000000	23000000	6477.0
14000000	23000000	3162.0
15000000	23000000	551.0
18000000	23000000	6376.0
19000000	23000000	15931.0
20000000	23000000	18511.0
21000000	23000000	34948.0
22000000	23000000	93833.0
23000000	23000000	386687.0
0	24000000	4243.0
1000000	24000000	3163.0
2000000	24000000	4296.0
3000000	24000000	4857.0
4000000	24000000	3414.0
5000000	24000000	4572.0
6000000	24000000	4532.0
7000000	24000000	3685.0
8000000	24000000	4428.0
9000000	24000000	3514.0
10000000	24000000	3465.0
11000000	24000000	3688.0
12000000	24000000	3692.0
13000000	24000000	5136.0
14000000	24000000	2910.0
15000000	24000000	526.0
18000000	24000000	5241.0
19000000	24000000	11613.0
20000000	24000000	12052.0
21000000	24000000	17839.0
22000000	24000000	28724.0
23000000	24000000	120397.0
24000000	24000000	369261.0
0	25000000	2912.0
1000000	25000000	3689.0
2000000	25000000	2586.0
3000000	25000000	2424.0
4000000	25000000	2441.0
5000000	25000000	3468.0
6000000	25000000	3670.0
7000000	25000000	4270.0
8000000	25000000	2999.0
9000000	25000000	1572.0
10000000	25000000	1899.0
11000000	25000000	2159.0
12000000	25000000	1801.0
13000000	25000000	2989.0
14000000	25000000	3233.0
15000000	25000000	903.0
18000000	25000000	4177.0
19000000	25000000	6949.0
20000000	25000000	6169.0
21000000	25000000	7069.0
22000000	25000000	14097.0
23000000	25000000	20559.0
24000000	25000000	66527.0
25000000	25000000	224768.0
0	26000000	2365.0
1000000	26000000	3325.0
2000000	26000000	2366.0
3000000	26000000	2118.0
4000000	26000000	2265.0
5000000	26000000	2993.0
6000000	26000000	3007.0
7000000	26000000	3589.0
8000000	26000000	2366.0
9000000	26000000	1371.0
10000000	26000000	1541.0
11000000	26000000	1801.0
12000000	26000000	1559.0
13000000	26000000	2396.0
14000000	26000000	2841.0
15000000	26000000	862.0
18000000	26000000	3292.0
19000000	26000000	5077.0
20000000	26000000	4641.0
21000000	26000000	4986.0
22000000	26000000	8600.0
23000000	26000000	10237.0
24000000	26000000	19327.0
25000000	26000000	63248.0
26000000	26000000	188788.0
0	27000000	2198.0
1000000	27000000	3294.0
2000000	27000000	2204.0
3000000	27000000	1880.0
4000000	27000000	1685.0
5000000	27000000	2762.0
6000000	27000000	2844.0
7000000	27000000	3003.0
8000000	27000000	2168.0
9000000	27000000	1148.0
10000000	27000000	1454.0
11000000	27000000	1693.0
12000000	27000000	1408.0
13000000	27000000	2005.0
14000000	27000000	2353.0
15000000	27000000	682.0
18000000	27000000	2694.0
19000000	27000000	4431.0
20000000	27000000	3868.0
21000000	27000000	4117.0
22000000	27000000	6890.0
23000000	27000000	7263.0
24000000	27000000	12303.0
25000000	27000000	22368.0
26000000	27000000	48109.0
27000000	27000000	168524.0
0	28000000	2923.0
1000000	28000000	3195.0
2000000	28000000	3269.0
3000000	28000000	3026.0
4000000	28000000	2385.0
5000000	28000000	3245.0
6000000	28000000	3381.0
7000000	28000000	2862.0
8000000	28000000	2877.0
9000000	28000000	2030.0
10000000	28000000	2126.0
11000000	28000000	2464.0
12000000	28000000	2251.0
13000000	28000000	3020.0
14000000	28000000	2208.0
15000000	28000000	439.0
18000000	28000000	3117.0
19000000	28000000	5609.0
20000000	28000000	5311.0
21000000	28000000	5998.0
22000000	28000000	7437.0
23000000	28000000	8892.0
24000000	28000000	12346.0
25000000	28000000	14065.0
26000000	28000000	17879.0
27000000	28000000	50530.0
28000000	28000000	263193.0
0	29000000	4874.0
1000000	29000000	2431.0
2000000	29000000	5428.0
3000000	29000000	5723.0
4000000	29000000	3776.0
5000000	29000000	3537.0
6000000	29000000	3655.0
7000000	29000000	2360.0
8000000	29000000	3717.0
9000000	29000000	4629.0
10000000	29000000	3541.0
11000000	29000000	3618.0
12000000	29000000	4549.0
13000000	29000000	5213.0
14000000	29000000	1959.0
15000000	29000000	275.0
18000000	29000000	3572.0
19000000	29000000	8161.0
20000000	29000000	8568.0
21000000	29000000	10361.0
22000000	29000000	7290.0
23000000	29000000	12100.0
24000000	29000000	12633.0
25000000	29000000	8798.0
26000000	29000000	9687.0
27000000	29000000	15996.0
28000000	29000000	89929.0
29000000	29000000	485767.0
0	30000000	2871.0
1000000	30000000	3350.0
2000000	30000000	3034.0
3000000	30000000	2436.0
4000000	30000000	1855.0
5000000	30000000	3301.0
6000000	30000000	3341.0
7000000	30000000	2778.0
8000000	30000000	2744.0
9000000	30000000	1617.0
10000000	30000000	2005.0
11000000	30000000	2340.0
12000000	30000000	2036.0
13000000	30000000	2703.0
14000000	30000000	1965.0
15000000	30000000	422.0
18000000	30000000	2485.0
19000000	30000000	5050.0
20000000	30000000	4281.0
21000000	30000000	4783.0
22000000	30000000	6772.0
23000000	30000000	6161.0
24000000	30000000	7927.0
25000000	30000000	7697.0
26000000	30000000	8620.0
27000000	30000000	12829.0
28000000	30000000	24099.0
29000000	30000000	66878.0
30000000	30000000	224494.0
0	31000000	2721.0
1000000	31000000	2781.0
2000000	31000000	2911.0
3000000	31000000	2903.0
4000000	31000000	2739.0
5000000	31000000	2975.0
6000000	31000000	2874.0
7000000	31000000	2426.0
8000000	31000000	2553.0
9000000	31000000	1962.0
10000000	31000000	1999.0
11000000	31000000	2239.0
12000000	31000000	1959.0
13000000	31000000	2667.0
14000000	31000000	1828.0
15000000	31000000	405.0
18000000	31000000	2422.0
19000000	31000000	4578.0
20000000	31000000	4197.0
21000000	31000000	4485.0
22000000	31000000	5067.0
23000000	31000000	5520.0
24000000	31000000	6558.0
25000000	31000000	6048.0
26000000	31000000	6276.0
27000000	31000000	7890.0
28000000	31000000	12533.0
29000000	31000000	17627.0
30000000	31000000	51539.0
31000000	31000000	259100.0
0	32000000	3630.0
1000000	32000000	2470.0
2000000	32000000	3675.0
3000000	32000000	3793.0
4000000	32000000	2851.0
5000000	32000000	3337.0
6000000	32000000	3192.0
7000000	32000000	2400.0
8000000	32000000	3280.0
9000000	32000000	2914.0
10000000	32000000	2723.0
11000000	32000000	2955.0
12000000	32000000	3026.0
13000000	32000000	3989.0
14000000	32000000	2118.0
15000000	32000000	386.0
18000000	32000000	2945.0
19000000	32000000	5958.0
20000000	32000000	5775.0
21000000	32000000	6651.0
22000000	32000000	5736.0
23000000	32000000	6908.0
24000000	32000000	7279.0
25000000	32000000	5609.0
26000000	32000000	5548.0
27000000	32000000	6368.0
28000000	32000000	10103.0
29000000	32000000	16440.0
30000000	32000000	21564.0
31000000	32000000	68431.0
32000000	32000000	337278.0
0	33000000	3753.0
1000000	33000000	1436.0
2000000	33000000	4072.0
3000000	33000000	4930.0
4000000	33000000	3489.0
5000000	33000000	2663.0
6000000	33000000	2782.0
7000000	33000000	1906.0
8000000	33000000	3519.0
9000000	33000000	4631.0
10000000	33000000	3673.0
11000000	33000000	3726.0
12000000	33000000	4787.0
13000000	33000000	5389.0
14000000	33000000	1746.0
15000000	33000000	250.0
18000000	33000000	2789.0
19000000	33000000	6445.0
20000000	33000000	7440.0
21000000	33000000	8969.0
22000000	33000000	4884.0
23000000	33000000	7632.0
24000000	33000000	6524.0
25000000	33000000	3802.0
26000000	33000000	3531.0
27000000	33000000	3456.0
28000000	33000000	6528.0
29000000	33000000	14916.0
30000000	33000000	8366.0
31000000	33000000	15754.0
32000000	33000000	106119.0
33000000	33000000	518507.0
0	34000000	4004.0
1000000	34000000	2427.0
2000000	34000000	3757.0
3000000	34000000	4280.0
4000000	34000000	3167.0
5000000	34000000	3654.0
6000000	34000000	3930.0
7000000	34000000	3324.0
8000000	34000000	4205.0
9000000	34000000	3575.0
10000000	34000000	3390.0
11000000	34000000	3651.0
12000000	34000000	3835.0
13000000	34000000	5359.0
14000000	34000000	2789.0
15000000	34000000	488.0
18000000	34000000	3748.0
19000000	34000000	7616.0
20000000	34000000	7217.0
21000000	34000000	8133.0
22000000	34000000	7171.0
23000000	34000000	7927.0
24000000	34000000	7862.0
25000000	34000000	5545.0
26000000	34000000	4912.0
27000000	34000000	5092.0
28000000	34000000	7703.0
29000000	34000000	12228.0
30000000	34000000	10211.0
31000000	34000000	13731.0
32000000	34000000	33453.0
33000000	34000000	133703.0
34000000	34000000	392175.0
0	35000000	2554.0
1000000	35000000	2871.0
2000000	35000000	2062.0
3000000	35000000	1846.0
4000000	35000000	1780.0
5000000	35000000	2794.0
6000000	35000000	3171.0
7000000	35000000	3280.0
8000000	35000000	2628.0
9000000	35000000	1330.0
10000000	35000000	1675.0
11000000	35000000	1792.0
12000000	35000000	1510.0
13000000	35000000	2774.0
14000000	35000000	3046.0
15000000	35000000	789.0
18000000	35000000	2757.0
19000000	35000000	4437.0
20000000	35000000	3410.0
21000000	35000000	3343.0
22000000	35000000	4927.0
23000000	35000000	4119.0
24000000	35000000	4828.0
25000000	35000000	5299.0
26000000	35000000	4842.0
27000000	35000000	4740.0
28000000	35000000	5194.0
29000000	35000000	5182.0
30000000	35000000	7287.0
31000000	35000000	7836.0
32000000	35000000	11345.0
33000000	35000000	13284.0
34000000	35000000	67929.0
35000000	35000000	259912.0
0	36000000	2297.0
1000000	36000000	2137.0
2000000	36000000	1993.0
3000000	36000000	2251.0
4000000	36000000	2556.0
5000000	36000000	2326.0
6000000	36000000	2451.0
7000000	36000000	2339.0
8000000	36000000	2020.0
9000000	36000000	1656.0
10000000	36000000	1526.0
11000000	36000000	1536.0
12000000	36000000	1395.0
13000000	36000000	2525.0
14000000	36000000	2336.0
15000000	36000000	658.0
18000000	36000000	2593.0
19000000	36000000	3586.0
20000000	36000000	3156.0
21000000	36000000	3064.0
22000000	36000000	3213.0
23000000	36000000	3644.0
24000000	36000000	3960.0
25000000	36000000	4108.0
26000000	36000000	3944.0
27000000	36000000	3428.0
28000000	36000000	4470.0
29000000	36000000	5168.0
30000000	36000000	4761.0
31000000	36000000	6269.0
32000000	36000000	9026.0
33000000	36000000	10633.0
34000000	36000000	24140.0
35000000	36000000	93923.0
36000000	36000000	272448.0
0	37000000	1769.0
1000000	37000000	2511.0
2000000	37000000	1538.0
3000000	37000000	1479.0
4000000	37000000	1611.0
5000000	37000000	2107.0
6000000	37000000	2055.0
7000000	37000000	2561.0
8000000	37000000	1745.0
9000000	37000000	911.0
10000000	37000000	1107.0
11000000	37000000	1288.0
12000000	37000000	1094.0
13000000	37000000	1845.0
14000000	37000000	2163.0
15000000	37000000	636.0
18000000	37000000	1878.0
19000000	37000000	2859.0
20000000	37000000	2369.0
21000000	37000000	2210.0
22000000	37000000	3300.0
23000000	37000000	2819.0
24000000	37000000	3492.0
25000000	37000000	4419.0
26000000	37000000	4602.0
27000000	37000000	4688.0
28000000	37000000	4445.0
29000000	37000000	3759.0
30000000	37000000	5279.0
31000000	37000000	5812.0
32000000	37000000	6957.0
33000000	37000000	6416.0
34000000	37000000	19703.0
35000000	37000000	53548.0
36000000	37000000	57792.0
37000000	37000000	199423.0
0	38000000	1873.0
1000000	38000000	2426.0
2000000	38000000	1858.0
3000000	38000000	1757.0
4000000	38000000	1521.0
5000000	38000000	2221.0
6000000	38000000	2168.0
7000000	38000000	2416.0
8000000	38000000	1824.0
9000000	38000000	1043.0
10000000	38000000	1224.0
11000000	38000000	1356.0
12000000	38000000	1182.0
13000000	38000000	1723.0
14000000	38000000	1737.0
15000000	38000000	450.0
18000000	38000000	1747.0
19000000	38000000	3157.0
20000000	38000000	2663.0
21000000	38000000	2652.0
22000000	38000000	3608.0
23000000	38000000	3135.0
24000000	38000000	3749.0
25000000	38000000	4290.0
26000000	38000000	4381.0
27000000	38000000	4626.0
28000000	38000000	4889.0
29000000	38000000	4202.0
30000000	38000000	5761.0
31000000	38000000	6008.0
32000000	38000000	7177.0
33000000	38000000	5904.0
34000000	38000000	14839.0
35000000	38000000	21567.0
36000000	38000000	18093.0
37000000	38000000	49629.0
38000000	38000000	205790.0
0	39000000	2934.0
1000000	39000000	2388.0
2000000	39000000	2908.0
3000000	39000000	3110.0
4000000	39000000	2445.0
5000000	39000000	2733.0
6000000	39000000	2765.0
7000000	39000000	2343.0
8000000	39000000	2697.0
9000000	39000000	1797.0
10000000	39000000	2056.0
11000000	39000000	2296.0
12000000	39000000	2050.0
13000000	39000000	2904.0
14000000	39000000	1935.0
15000000	39000000	316.0
18000000	39000000	2356.0
19000000	39000000	4849.0
20000000	39000000	4509.0
21000000	39000000	4639.0
22000000	39000000	4962.0
23000000	39000000	5006.0
24000000	39000000	5411.0
25000000	39000000	4436.0
26000000	39000000	3985.0
27000000	39000000	4255.0
28000000	39000000	5818.0
29000000	39000000	7101.0
30000000	39000000	6665.0
31000000	39000000	7004.0
32000000	39000000	9615.0
33000000	39000000	10291.0
34000000	39000000	21101.0
35000000	39000000	20630.0
36000000	39000000	16230.0
37000000	39000000	25320.0
38000000	39000000	60879.0
39000000	39000000	279582.0
0	40000000	2030.0
1000000	40000000	2412.0
2000000	40000000	2090.0
3000000	40000000	1768.0
4000000	40000000	1411.0
5000000	40000000	2356.0
6000000	40000000	2250.0
7000000	40000000	2076.0
8000000	40000000	1941.0
9000000	40000000	1080.0
10000000	40000000	1387.0
11000000	40000000	1592.0
12000000	40000000	1346.0
13000000	40000000	1825.0
14000000	40000000	1507.0
15000000	40000000	331.0
18000000	40000000	1796.0
19000000	40000000	3475.0
20000000	40000000	2843.0
21000000	40000000	2974.0
22000000	40000000	4261.0
23000000	40000000	3526.0
24000000	40000000	4195.0
25000000	40000000	4105.0
26000000	40000000	3858.0
27000000	40000000	4149.0
28000000	40000000	4853.0
29000000	40000000	4314.0
30000000	40000000	6007.0
31000000	40000000	5605.0
32000000	40000000	6265.0
33000000	40000000	4725.0
34000000	40000000	8842.0
35000000	40000000	8887.0
36000000	40000000	6488.0
37000000	40000000	9928.0
38000000	40000000	17052.0
39000000	40000000	74366.0
40000000	40000000	233230.0
0	41000000	1945.0
1000000	41000000	2392.0
2000000	41000000	1883.0
3000000	41000000	1582.0
4000000	41000000	1224.0
5000000	41000000	2310.0
6000000	41000000	2305.0
7000000	41000000	2214.0
8000000	41000000	1991.0
9000000	41000000	910.0
10000000	41000000	1352.0
11000000	41000000	1732.0
12000000	41000000	1246.0
13000000	41000000	1760.0
14000000	41000000	1529.0
15000000	41000000	338.0
18000000	41000000	1765.0
19000000	41000000	3297.0
20000000	41000000	2795.0
21000000	41000000	2895.0
22000000	41000000	4460.0
23000000	41000000	3475.0
24000000	41000000	4059.0
25000000	41000000	3950.0
26000000	41000000	3754.0
27000000	41000000	4082.0
28000000	41000000	4433.0
29000000	41000000	3941.0
30000000	41000000	5867.0
31000000	41000000	5122.0
32000000	41000000	5366.0
33000000	41000000	3755.0
34000000	41000000	7314.0
35000000	41000000	7149.0
36000000	41000000	5101.0
37000000	41000000	7204.0
38000000	41000000	10658.0
39000000	41000000	24365.0
40000000	41000000	45564.0
41000000	41000000	219422.0
0	42000000	3133.0
1000000	42000000	1762.0
2000000	42000000	3282.0
3000000	42000000	3834.0
4000000	42000000	2750.0
5000000	42000000	2823.0
6000000	42000000	2973.0
7000000	42000000	2223.0
8000000	42000000	3027.0
9000000	42000000	2871.0
10000000	42000000	2827.0
11000000	42000000	2970.0
12000000	42000000	2988.0
13000000	42000000	3651.0
14000000	42000000	1497.0
15000000	42000000	215.0
18000000	42000000	2246.0
19000000	42000000	5368.0
20000000	42000000	5623.0
21000000	42000000	6894.0
22000000	42000000	5276.0
23000000	42000000	6298.0
24000000	42000000	5896.0
25000000	42000000	3345.0
26000000	42000000	2885.0
27000000	42000000	2995.0
28000000	42000000	4744.0
29000000	42000000	7625.0
30000000	42000000	5140.0
31000000	42000000	5365.0
32000000	42000000	7432.0
33000000	42000000	9050.0
34000000	42000000	11199.0
35000000	42000000	6274.0
36000000	42000000	5781.0
37000000	42000000	5117.0
38000000	42000000	7515.0
39000000	42000000	20435.0
40000000	42000000	20029.0
41000000	42000000	94762.0
42000000	42000000	537555.0
0	43000000	3746.0
1000000	43000000	1630.0
2000000	43000000	3749.0
3000000	43000000	4833.0
4000000	43000000	3006.0
5000000	43000000	3174.0
6000000	43000000	3184.0
7000000	43000000	2482.0
8000000	43000000	3983.0
9000000	43000000	4323.0
10000000	43000000	4221.0
11000000	43000000	4277.0
12000000	43000000	4990.0
13000000	43000000	5189.0
14000000	43000000	1630.0
15000000	43000000	226.0
18000000	43000000	2669.0
19000000	43000000	6599.0
20000000	43000000	7184.0
21000000	43000000	8495.0
22000000	43000000	5436.0
23000000	43000000	6308.0
24000000	43000000	5108.0
25000000	43000000	2771.0
26000000	43000000	2359.0
27000000	43000000	2288.0
28000000	43000000	3660.0
29000000	43000000	7341.0
30000000	43000000	4091.0
31000000	43000000	4069.0
32000000	43000000	6899.0
33000000	43000000	10852.0
34000000	43000000	11676.0
35000000	43000000	5609.0
36000000	43000000	4890.0
37000000	43000000	4133.0
38000000	43000000	5460.0
39000000	43000000	14079.0
40000000	43000000	12495.0
41000000	43000000	28646.0
42000000	43000000	76178.0
43000000	43000000	517337.0
0	44000000	2783.0
1000000	44000000	1498.0
2000000	44000000	2605.0
3000000	44000000	3744.0
4000000	44000000	2531.0
5000000	44000000	3319.0
6000000	44000000	2978.0
7000000	44000000	2746.0
8000000	44000000	3882.0
9000000	44000000	3749.0
10000000	44000000	4349.0
11000000	44000000	4684.0
12000000	44000000	4703.0
13000000	44000000	4260.0
14000000	44000000	1514.0
15000000	44000000	226.0
18000000	44000000	2281.0
19000000	44000000	5564.0
20000000	44000000	5625.0
21000000	44000000	6510.0
22000000	44000000	5159.0
23000000	44000000	4739.0
24000000	44000000	3507.0
25000000	44000000	2190.0
26000000	44000000	1842.0
27000000	44000000	1665.0
28000000	44000000	2496.0
29000000	44000000	4367.0
30000000	44000000	2987.0
31000000	44000000	2838.0
32000000	44000000	4632.0
33000000	44000000	7205.0
34000000	44000000	7974.0
35000000	44000000	4509.0
36000000	44000000	3424.0
37000000	44000000	3042.0
38000000	44000000	3755.0
39000000	44000000	7082.0
40000000	44000000	6084.0
41000000	44000000	8978.0
42000000	44000000	18608.0
43000000	44000000	129257.0
44000000	44000000	414199.0
0	45000000	2811.0
1000000	45000000	1581.0
2000000	45000000	2448.0
3000000	45000000	3474.0
4000000	45000000	2472.0
5000000	45000000	3470.0
6000000	45000000	3139.0
7000000	45000000	3116.0
8000000	45000000	4091.0
9000000	45000000	3657.0
10000000	45000000	4629.0
11000000	45000000	5098.0
12000000	45000000	4635.0
13000000	45000000	4115.0
14000000	45000000	1531.0
15000000	45000000	222.0
18000000	45000000	2153.0
19000000	45000000	5653.0
20000000	45000000	5648.0
21000000	45000000	6479.0
22000000	45000000	5836.0
23000000	45000000	4776.0
24000000	45000000	3534.0
25000000	45000000	2110.0
26000000	45000000	1733.0
27000000	45000000	1646.0
28000000	45000000	2486.0
29000000	45000000	4060.0
30000000	45000000	3058.0
31000000	45000000	2827.0
32000000	45000000	4335.0
33000000	45000000	6403.0
34000000	45000000	7497.0
35000000	45000000	4329.0
36000000	45000000	2915.0
37000000	45000000	2841.0
38000000	45000000	3359.0
39000000	45000000	6057.0
40000000	45000000	5390.0
41000000	45000000	7289.0
42000000	45000000	13803.0
43000000	45000000	39813.0
44000000	45000000	135595.0
45000000	45000000	456232.0
0	46000000	2468.0
1000000	46000000	799.0
2000000	46000000	2840.0
3000000	46000000	4271.0
4000000	46000000	2871.0
5000000	46000000	2080.0
6000000	46000000	2165.0
7000000	46000000	1607.0
8000000	46000000	3015.0
9000000	46000000	4540.0
10000000	46000000	4117.0
11000000	46000000	4135.0
12000000	46000000	5094.0
13000000	46000000	4008.0
14000000	46000000	846.0
15000000	46000000	126.0
18000000	46000000	1616.0
19000000	46000000	4833.0
20000000	46000000	6239.0
21000000	46000000	7088.0
22000000	46000000	3142.0
23000000	46000000	4509.0
24000000	46000000	3087.0
25000000	46000000	1416.0
26000000	46000000	1161.0
27000000	46000000	1085.0
28000000	46000000	2108.0
29000000	46000000	5060.0
30000000	46000000	1963.0
31000000	46000000	2288.0
32000000	46000000	4062.0
33000000	46000000	7583.0
34000000	46000000	6313.0
35000000	46000000	2414.0
36000000	46000000	2472.0
37000000	46000000	1793.0
38000000	46000000	2192.0
39000000	46000000	4704.0
40000000	46000000	3042.0
41000000	46000000	3590.0
42000000	46000000	11109.0
43000000	46000000	24278.0
44000000	46000000	33377.0
45000000	46000000	102203.0
46000000	46000000	692847.0
0	47000000	2932.0
1000000	47000000	1093.0
2000000	47000000	2838.0
3000000	47000000	4003.0
4000000	47000000	2507.0
5000000	47000000	2684.0
6000000	47000000	2437.0
7000000	47000000	2049.0
8000000	47000000	3509.0
9000000	47000000	4078.0
10000000	47000000	4439.0
11000000	47000000	4648.0
12000000	47000000	4876.0
13000000	47000000	4417.0
14000000	47000000	1275.0
15000000	47000000	168.0
18000000	47000000	2023.0
19000000	47000000	5204.0
20000000	47000000	5728.0
21000000	47000000	6697.0
22000000	47000000	4230.0
23000000	47000000	4309.0
24000000	47000000	3208.0
25000000	47000000	1636.0
26000000	47000000	1430.0
27000000	47000000	1324.0
28000000	47000000	2302.0
29000000	47000000	4407.0
30000000	47000000	2539.0
31000000	47000000	2532.0
32000000	47000000	4181.0
33000000	47000000	7042.0
34000000	47000000	6557.0
35000000	47000000	3214.0
36000000	47000000	2601.0
37000000	47000000	2099.0
38000000	47000000	2557.0
39000000	47000000	4949.0
40000000	47000000	3721.0
41000000	47000000	4481.0
42000000	47000000	10079.0
43000000	47000000	21476.0
44000000	47000000	30727.0
45000000	47000000	58280.0
46000000	47000000	133492.0
47000000	47000000	553401.0
0	48000000	3453.0
1000000	48000000	1675.0
2000000	48000000	3026.0
3000000	48000000	3923.0
4000000	48000000	2489.0
5000000	48000000	3063.0
6000000	48000000	2955.0
7000000	48000000	2416.0
8000000	48000000	3560.0
9000000	48000000	3598.0
10000000	48000000	3514.0
11000000	48000000	3651.0
12000000	48000000	3953.0
13000000	48000000	4407.0
14000000	48000000	1673.0
15000000	48000000	268.0
18000000	48000000	2518.0
19000000	48000000	5770.0
20000000	48000000	5677.0
21000000	48000000	6520.0
22000000	48000000	4631.0
23000000	48000000	5162.0
24000000	48000000	4269.0
25000000	48000000	2606.0
26000000	48000000	2219.0
27000000	48000000	2134.0
28000000	48000000	3230.0
29000000	48000000	5525.0
30000000	48000000	3465.0
31000000	48000000	3545.0
32000000	48000000	5463.0
33000000	48000000	7425.0
34000000	48000000	7916.0
35000000	48000000	4301.0
36000000	48000000	3771.0
37000000	48000000	3140.0
38000000	48000000	3644.0
39000000	48000000	6613.0
40000000	48000000	5015.0
41000000	48000000	5668.0
42000000	48000000	11699.0
43000000	48000000	18546.0
44000000	48000000	21139.0
45000000	48000000	29046.0
46000000	48000000	29080.0
47000000	48000000	89419.0
48000000	48000000	458692.0
0	49000000	2335.0
1000000	49000000	1567.0
2000000	49000000	2352.0
3000000	49000000	2990.0
4000000	49000000	3814.0
5000000	49000000	2306.0
6000000	49000000	2312.0
7000000	49000000	2049.0
8000000	49000000	2279.0
9000000	49000000	1990.0
10000000	49000000	1970.0
11000000	49000000	1983.0
12000000	49000000	1774.0
13000000	49000000	2725.0
14000000	49000000	1660.0
15000000	49000000	392.0
18000000	49000000	2136.0
19000000	49000000	3725.0
20000000	49000000	3470.0
21000000	49000000	3533.0
22000000	49000000	3105.0
23000000	49000000	3566.0
24000000	49000000	3609.0
25000000	49000000	2993.0
26000000	49000000	2777.0
27000000	49000000	2360.0
28000000	49000000	3309.0
29000000	49000000	4375.0
30000000	49000000	3062.0
31000000	49000000	3810.0
32000000	49000000	4582.0
33000000	49000000	5067.0
34000000	49000000	6032.0
35000000	49000000	4085.0
36000000	49000000	4452.0
37000000	49000000	3427.0
38000000	49000000	3471.0
39000000	49000000	5675.0
40000000	49000000	4618.0
41000000	49000000	5223.0
42000000	49000000	8023.0
43000000	49000000	8753.0
44000000	49000000	7671.0
45000000	49000000	8621.0
46000000	49000000	9301.0
47000000	49000000	15499.0
48000000	49000000	97164.0
49000000	49000000	393567.0
0	50000000	1759.0
1000000	50000000	2335.0
2000000	50000000	1649.0
3000000	50000000	1380.0
4000000	50000000	1280.0
5000000	50000000	2204.0
6000000	50000000	2208.0
7000000	50000000	2245.0
8000000	50000000	1881.0
9000000	50000000	877.0
10000000	50000000	1154.0
11000000	50000000	1394.0
12000000	50000000	1080.0
13000000	50000000	1701.0
14000000	50000000	1702.0
15000000	50000000	424.0
18000000	50000000	1710.0
19000000	50000000	3129.0
20000000	50000000	2398.0
21000000	50000000	2279.0
22000000	50000000	3605.0
23000000	50000000	2781.0
24000000	50000000	3276.0
25000000	50000000	3552.0
26000000	50000000	3442.0
27000000	50000000	3454.0
28000000	50000000	3643.0
29000000	50000000	3016.0
30000000	50000000	4308.0
31000000	50000000	3857.0
32000000	50000000	3747.0
33000000	50000000	2585.0
34000000	50000000	4438.0
35000000	50000000	4755.0
36000000	50000000	3517.0
37000000	50000000	4317.0
38000000	50000000	4882.0
39000000	50000000	5692.0
40000000	50000000	6328.0
41000000	50000000	7366.0
42000000	50000000	6031.0
43000000	50000000	5680.0
44000000	50000000	5458.0
45000000	50000000	6693.0
46000000	50000000	4410.0
47000000	50000000	8471.0
48000000	50000000	35304.0
49000000	50000000	86150.0
50000000	50000000	225664.0
0	51000000	2478.0
1000000	51000000	1902.0
2000000	51000000	2590.0
3000000	51000000	2381.0
4000000	51000000	1652.0
5000000	51000000	2034.0
6000000	51000000	2074.0
7000000	51000000	1750.0
8000000	51000000	2119.0
9000000	51000000	1828.0
10000000	51000000	1744.0
11000000	51000000	1804.0
12000000	51000000	1916.0
13000000	51000000	2536.0
14000000	51000000	1421.0
15000000	51000000	236.0
18000000	51000000	1894.0
19000000	51000000	4028.0
20000000	51000000	3772.0
21000000	51000000	4066.0
22000000	51000000	3596.0
23000000	51000000	4027.0
24000000	51000000	4185.0
25000000	51000000	3006.0
26000000	51000000	2824.0
27000000	51000000	2950.0
28000000	51000000	4105.0
29000000	51000000	5478.0
30000000	51000000	4068.0
31000000	51000000	4179.0
32000000	51000000	4898.0
33000000	51000000	4467.0
34000000	51000000	5497.0
35000000	51000000	3844.0
36000000	51000000	3572.0
37000000	51000000	3439.0
38000000	51000000	4007.0
39000000	51000000	6392.0
40000000	51000000	5486.0
41000000	51000000	5924.0
42000000	51000000	7759.0
43000000	51000000	7596.0
44000000	51000000	5722.0
45000000	51000000	6308.0
46000000	51000000	6549.0
47000000	51000000	9127.0
48000000	51000000	20610.0
49000000	51000000	23929.0
50000000	51000000	43470.0
51000000	51000000	338837.0
0	52000000	2011.0
1000000	52000000	1406.0
2000000	52000000	1956.0
3000000	52000000	2046.0
4000000	52000000	1545.0
5000000	52000000	1775.0
6000000	52000000	1758.0
7000000	52000000	1464.0
8000000	52000000	1776.0
9000000	52000000	1573.0
10000000	52000000	1447.0
11000000	52000000	1653.0
12000000	52000000	1608.0
13000000	52000000	2108.0
14000000	52000000	1107.0
15000000	52000000	186.0
18000000	52000000	1598.0
19000000	52000000	3310.0
20000000	52000000	3265.0
21000000	52000000	3436.0
22000000	52000000	3126.0
23000000	52000000	3443.0
24000000	52000000	3359.0
25000000	52000000	2447.0
26000000	52000000	2172.0
27000000	52000000	2291.0
28000000	52000000	3232.0
29000000	52000000	4484.0
30000000	52000000	3343.0
31000000	52000000	3406.0
32000000	52000000	4171.0
33000000	52000000	3811.0
34000000	52000000	4632.0
35000000	52000000	3148.0
36000000	52000000	2989.0
37000000	52000000	2677.0
38000000	52000000	3296.0
39000000	52000000	5017.0
40000000	52000000	4227.0
41000000	52000000	4409.0
42000000	52000000	6298.0
43000000	52000000	6171.0
44000000	52000000	4821.0
45000000	52000000	5312.0
46000000	52000000	5066.0
47000000	52000000	6715.0
48000000	52000000	11971.0
49000000	52000000	12027.0
50000000	52000000	15990.0
51000000	52000000	79973.0
52000000	52000000	286669.0
0	53000000	1801.0
1000000	53000000	1824.0
2000000	53000000	1654.0
3000000	53000000	1620.0
4000000	53000000	1204.0
5000000	53000000	1901.0
6000000	53000000	1906.0
7000000	53000000	1969.0
8000000	53000000	1903.0
9000000	53000000	1180.0
10000000	53000000	1363.0
11000000	53000000	1434.0
12000000	53000000	1363.0
13000000	53000000	1768.0
14000000	53000000	1433.0
15000000	53000000	332.0
18000000	53000000	1566.0
19000000	53000000	3139.0
20000000	53000000	2643.0
21000000	53000000	2770.0
22000000	53000000	3430.0
23000000	53000000	3069.0
24000000	53000000	3345.0
25000000	53000000	3079.0
26000000	53000000	2936.0
27000000	53000000	2855.0
28000000	53000000	3360.0
29000000	53000000	3347.0
30000000	53000000	3707.0
31000000	53000000	3541.0
32000000	53000000	3860.0
33000000	53000000	2946.0
34000000	53000000	4528.0
35000000	53000000	4074.0
36000000	53000000	3175.0
37000000	53000000	3513.0
38000000	53000000	3972.0
39000000	53000000	4921.0
40000000	53000000	4666.0
41000000	53000000	5026.0
42000000	53000000	5187.0
43000000	53000000	5056.0
44000000	53000000	4541.0
45000000	53000000	4972.0
46000000	53000000	3521.0
47000000	53000000	5305.0
48000000	53000000	9050.0
49000000	53000000	8835.0
50000000	53000000	13158.0
51000000	53000000	26163.0
52000000	53000000	80929.0
53000000	53000000	279884.0
0	54000000	2664.0
1000000	54000000	1500.0
2000000	54000000	2414.0
3000000	54000000	3026.0
4000000	54000000	2184.0
5000000	54000000	2289.0
6000000	54000000	2365.0
7000000	54000000	1959.0
8000000	54000000	2582.0
9000000	54000000	2371.0
10000000	54000000	2462.0
11000000	54000000	2689.0
12000000	54000000	2536.0
13000000	54000000	3143.0
14000000	54000000	1332.0
15000000	54000000	215.0
18000000	54000000	2122.0
19000000	54000000	4550.0
20000000	54000000	4588.0
21000000	54000000	5200.0
22000000	54000000	4048.0
23000000	54000000	4385.0
24000000	54000000	3903.0
25000000	54000000	2482.0
26000000	54000000	2222.0
27000000	54000000	2215.0
28000000	54000000	3176.0
29000000	54000000	5191.0
30000000	54000000	3416.0
31000000	54000000	3439.0
32000000	54000000	4839.0
33000000	54000000	5534.0
34000000	54000000	6750.0
35000000	54000000	3865.0
36000000	54000000	3286.0
37000000	54000000	2893.0
38000000	54000000	3338.0
39000000	54000000	5407.0
40000000	54000000	4097.0
41000000	54000000	4341.0
42000000	54000000	7458.0
43000000	54000000	8996.0
44000000	54000000	7738.0
45000000	54000000	8107.0
46000000	54000000	7354.0
47000000	54000000	9582.0
48000000	54000000	12895.0
49000000	54000000	9262.0
50000000	54000000	8854.0
51000000	54000000	20551.0
52000000	54000000	39726.0
53000000	54000000	83088.0
54000000	54000000	376404.0
0	55000000	2669.0
1000000	55000000	1170.0
2000000	55000000	2595.0
3000000	55000000	3733.0
4000000	55000000	2485.0
5000000	55000000	2479.0
6000000	55000000	2310.0
7000000	55000000	1785.0
8000000	55000000	2958.0
9000000	55000000	3152.0
10000000	55000000	3274.0
11000000	55000000	3465.0
12000000	55000000	3675.0
13000000	55000000	3722.0
14000000	55000000	1180.0
15000000	55000000	156.0
18000000	55000000	1829.0
19000000	55000000	4743.0
20000000	55000000	5257.0
21000000	55000000	6387.0
22000000	55000000	4187.0
23000000	55000000	4767.0
24000000	55000000	3774.0
25000000	55000000	2240.0
26000000	55000000	1804.0
27000000	55000000	1837.0
28000000	55000000	3009.0
29000000	55000000	5175.0
30000000	55000000	3031.0
31000000	55000000	3198.0
32000000	55000000	4834.0
33000000	55000000	7217.0
34000000	55000000	7100.0
35000000	55000000	3457.0
36000000	55000000	3029.0
37000000	55000000	2499.0
38000000	55000000	2832.0
39000000	55000000	5018.0
40000000	55000000	3464.0
41000000	55000000	3643.0
42000000	55000000	7678.0
43000000	55000000	10738.0
44000000	55000000	9604.0
45000000	55000000	10517.0
46000000	55000000	10416.0
47000000	55000000	12384.0
48000000	55000000	13509.0
49000000	55000000	8102.0
50000000	55000000	6219.0
51000000	55000000	13779.0
52000000	55000000	17602.0
53000000	55000000	22901.0
54000000	55000000	136348.0
55000000	55000000	493855.0
0	56000000	2689.0
1000000	56000000	808.0
2000000	56000000	2956.0
3000000	56000000	4034.0
4000000	56000000	2558.0
5000000	56000000	1819.0
6000000	56000000	1844.0
7000000	56000000	1334.0
8000000	56000000	2648.0
9000000	56000000	3701.0
10000000	56000000	3218.0
11000000	56000000	3262.0
12000000	56000000	3808.0
13000000	56000000	3785.0
14000000	56000000	905.0
15000000	56000000	111.0
18000000	56000000	1606.0
19000000	56000000	4617.0
20000000	56000000	5669.0
21000000	56000000	6761.0
22000000	56000000	3382.0
23000000	56000000	4592.0
24000000	56000000	3543.0
25000000	56000000	1705.0
26000000	56000000	1470.0
27000000	56000000	1380.0
28000000	56000000	2595.0
29000000	56000000	6198.0
30000000	56000000	2333.0
31000000	56000000	2795.0
32000000	56000000	4647.0
33000000	56000000	7916.0
34000000	56000000	6617.0
35000000	56000000	2651.0
36000000	56000000	2715.0
37000000	56000000	1802.0
38000000	56000000	2152.0
39000000	56000000	4558.0
40000000	56000000	2658.0
41000000	56000000	2679.0
42000000	56000000	7759.0
43000000	56000000	10407.0
44000000	56000000	8243.0
45000000	56000000	8496.0
46000000	56000000	10881.0
47000000	56000000	11447.0
48000000	56000000	11277.0
49000000	56000000	6937.0
50000000	56000000	3996.0
51000000	56000000	10130.0
52000000	56000000	11088.0
53000000	56000000	9880.0
54000000	56000000	30261.0
55000000	56000000	137418.0
56000000	56000000	650910.0
0	57000000	2516.0
1000000	57000000	1542.0
2000000	57000000	2409.0
3000000	57000000	2988.0
4000000	57000000	2049.0
5000000	57000000	2322.0
6000000	57000000	2229.0
7000000	57000000	1816.0
8000000	57000000	2407.0
9000000	57000000	2169.0
10000000	57000000	2290.0
11000000	57000000	2359.0
12000000	57000000	2314.0
13000000	57000000	2777.0
14000000	57000000	1244.0
15000000	57000000	166.0
18000000	57000000	1759.0
19000000	57000000	4017.0
20000000	57000000	4115.0
21000000	57000000	4781.0
22000000	57000000	4056.0
23000000	57000000	4102.0
24000000	57000000	3932.0
25000000	57000000	2644.0
26000000	57000000	2379.0
27000000	57000000	2466.0
28000000	57000000	3650.0
29000000	57000000	5454.0
30000000	57000000	3938.0
31000000	57000000	3778.0
32000000	57000000	4991.0
33000000	57000000	5290.0
34000000	57000000	6159.0
35000000	57000000	3606.0
36000000	57000000	2992.0
37000000	57000000	2809.0
38000000	57000000	3377.0
39000000	57000000	5416.0
40000000	57000000	4196.0
41000000	57000000	4534.0
42000000	57000000	7563.0
43000000	57000000	7670.0
44000000	57000000	6191.0
45000000	57000000	6611.0
46000000	57000000	5544.0
47000000	57000000	7172.0
48000000	57000000	9002.0
49000000	57000000	6425.0
50000000	57000000	5911.0
51000000	57000000	11013.0
52000000	57000000	10881.0
53000000	57000000	12004.0
54000000	57000000	19510.0
55000000	57000000	31865.0
56000000	57000000	91748.0
57000000	57000000	412973.0
0	58000000	1565.0
1000000	58000000	1857.0
2000000	58000000	1562.0
3000000	58000000	1483.0
4000000	58000000	1130.0
5000000	58000000	1971.0
6000000	58000000	1980.0
7000000	58000000	1744.0
8000000	58000000	1686.0
9000000	58000000	864.0
10000000	58000000	1258.0
11000000	58000000	1465.0
12000000	58000000	1125.0
13000000	58000000	1419.0
14000000	58000000	1079.0
15000000	58000000	223.0
18000000	58000000	1308.0
19000000	58000000	2828.0
20000000	58000000	2294.0
21000000	58000000	2583.0
22000000	58000000	3694.0
23000000	58000000	2971.0
24000000	58000000	3221.0
25000000	58000000	2917.0
26000000	58000000	2860.0
27000000	58000000	3007.0
28000000	58000000	3589.0
29000000	58000000	3255.0
30000000	58000000	4635.0
31000000	58000000	3907.0
32000000	58000000	3906.0
33000000	58000000	2603.0
34000000	58000000	4234.0
35000000	58000000	3603.0
36000000	58000000	2637.0
37000000	58000000	3317.0
38000000	58000000	3831.0
39000000	58000000	4769.0
40000000	58000000	5150.0
41000000	58000000	5426.0
42000000	58000000	4821.0
43000000	58000000	4091.0
44000000	58000000	3599.0
45000000	58000000	4066.0
46000000	58000000	2402.0
47000000	58000000	3485.0
48000000	58000000	5083.0
49000000	58000000	4507.0
50000000	58000000	7059.0
51000000	58000000	7856.0
52000000	58000000	7476.0
53000000	58000000	9943.0
54000000	58000000	10468.0
55000000	58000000	12320.0
56000000	58000000	15922.0
57000000	58000000	93072.0
58000000	58000000	229238.0
0	59000000	2240.0
1000000	59000000	1448.0
2000000	59000000	2025.0
3000000	59000000	2297.0
4000000	59000000	1633.0
5000000	59000000	2049.0
6000000	59000000	2007.0
7000000	59000000	1719.0
8000000	59000000	2116.0
9000000	59000000	1779.0
10000000	59000000	1879.0
11000000	59000000	1916.0
12000000	59000000	1940.0
13000000	59000000	2422.0
14000000	59000000	1205.0
15000000	59000000	227.0
18000000	59000000	1725.0
19000000	59000000	3877.0
20000000	59000000	3739.0
21000000	59000000	4367.0
22000000	59000000	4121.0
23000000	59000000	4344.0
24000000	59000000	4128.0
25000000	59000000	2740.0
26000000	59000000	2502.0
27000000	59000000	2596.0
28000000	59000000	3615.0
29000000	59000000	5289.0
30000000	59000000	4059.0
31000000	59000000	4006.0
32000000	59000000	5081.0
33000000	59000000	5080.0
34000000	59000000	6518.0
35000000	59000000	4147.0
36000000	59000000	3316.0
37000000	59000000	3005.0
38000000	59000000	3509.0
39000000	59000000	5445.0
40000000	59000000	4294.0
41000000	59000000	4606.0
42000000	59000000	6996.0
43000000	59000000	6986.0
44000000	59000000	5371.0
45000000	59000000	5617.0
46000000	59000000	4726.0
47000000	59000000	5450.0
48000000	59000000	7464.0
49000000	59000000	5733.0
50000000	59000000	5617.0
51000000	59000000	7463.0
52000000	59000000	7397.0
53000000	59000000	8057.0
54000000	59000000	11354.0
55000000	59000000	13743.0
56000000	59000000	17261.0
57000000	59000000	32055.0
58000000	59000000	59047.0
59000000	59000000	343726.0
0	60000000	2360.0
1000000	60000000	619.0
2000000	60000000	2640.0
3000000	60000000	3114.0
4000000	60000000	2026.0
5000000	60000000	1329.0
6000000	60000000	1589.0
7000000	60000000	999.0
8000000	60000000	1966.0
9000000	60000000	3163.0
10000000	60000000	2539.0
11000000	60000000	2541.0
12000000	60000000	3384.0
13000000	60000000	3139.0
14000000	60000000	774.0
15000000	60000000	84.0
18000000	60000000	1377.0
19000000	60000000	4023.0
20000000	60000000	5378.0
21000000	60000000	6984.0
22000000	60000000	3219.0
23000000	60000000	5540.0
24000000	60000000	4308.0
25000000	60000000	1838.0
26000000	60000000	1609.0
27000000	60000000	1434.0
28000000	60000000	3049.0
29000000	60000000	7940.0
30000000	60000000	2591.0
31000000	60000000	3402.0
32000000	60000000	5406.0
33000000	60000000	8291.0
34000000	60000000	6577.0
35000000	60000000	2371.0
36000000	60000000	3194.0
37000000	60000000	1839.0
38000000	60000000	2239.0
39000000	60000000	5128.0
40000000	60000000	2680.0
41000000	60000000	2419.0
42000000	60000000	8278.0
43000000	60000000	9925.0
44000000	60000000	6495.0
45000000	60000000	5967.0
46000000	60000000	9274.0
47000000	60000000	7959.0
48000000	60000000	8713.0
49000000	60000000	6265.0
50000000	60000000	2667.0
51000000	60000000	7005.0
52000000	60000000	6272.0
53000000	60000000	4529.0
54000000	60000000	10586.0
55000000	60000000	14945.0
56000000	60000000	22004.0
57000000	60000000	19617.0
58000000	60000000	11998.0
59000000	60000000	88160.0
60000000	60000000	640727.0
0	61000000	2180.0
1000000	61000000	1263.0
2000000	61000000	2052.0
3000000	61000000	1964.0
4000000	61000000	1191.0
5000000	61000000	1546.0
6000000	61000000	1542.0
7000000	61000000	1191.0
8000000	61000000	1677.0
9000000	61000000	1563.0
10000000	61000000	1451.0
11000000	61000000	1641.0
12000000	61000000	1725.0
13000000	61000000	2037.0
14000000	61000000	1038.0
15000000	61000000	133.0
18000000	61000000	1503.0
19000000	61000000	3379.0
20000000	61000000	3311.0
21000000	61000000	4210.0
22000000	61000000	3556.0
23000000	61000000	4123.0
24000000	61000000	4284.0
25000000	61000000	2684.0
26000000	61000000	2409.0
27000000	61000000	2574.0
28000000	61000000	3978.0
29000000	61000000	5640.0
30000000	61000000	4032.0
31000000	61000000	4278.0
32000000	61000000	5353.0
33000000	61000000	5031.0
34000000	61000000	5886.0
35000000	61000000	3602.0
36000000	61000000	3122.0
37000000	61000000	2681.0
38000000	61000000	3461.0
39000000	61000000	5510.0
40000000	61000000	4248.0
41000000	61000000	4327.0
42000000	61000000	6754.0
43000000	61000000	6596.0
44000000	61000000	4439.0
45000000	61000000	4183.0
46000000	61000000	4138.0
47000000	61000000	4731.0
48000000	61000000	6659.0
49000000	61000000	5278.0
50000000	61000000	4703.0
51000000	61000000	6950.0
52000000	61000000	6413.0
53000000	61000000	5911.0
54000000	61000000	8392.0
55000000	61000000	9469.0
56000000	61000000	10374.0
57000000	61000000	15185.0
58000000	61000000	14750.0
59000000	61000000	35455.0
60000000	61000000	120194.0
61000000	61000000	366933.0
0	62000000	1255.0
1000000	62000000	1559.0
2000000	62000000	1207.0
3000000	62000000	904.0
4000000	62000000	786.0
5000000	62000000	1207.0
6000000	62000000	1191.0
7000000	62000000	1213.0
8000000	62000000	1012.0
9000000	62000000	553.0
10000000	62000000	724.0
11000000	62000000	814.0
12000000	62000000	735.0
13000000	62000000	956.0
14000000	62000000	982.0
15000000	62000000	227.0
18000000	62000000	1067.0
19000000	62000000	1922.0
20000000	62000000	1596.0
21000000	62000000	1740.0
22000000	62000000	2547.0
23000000	62000000	2160.0
24000000	62000000	2789.0
25000000	62000000	2874.0
26000000	62000000	2769.0
27000000	62000000	2890.0
28000000	62000000	3357.0
29000000	62000000	2686.0
30000000	62000000	3884.0
31000000	62000000	3383.0
32000000	62000000	3490.0
33000000	62000000	2028.0
34000000	62000000	3212.0
35000000	62000000	3056.0
36000000	62000000	2434.0
37000000	62000000	2855.0
38000000	62000000	3462.0
39000000	62000000	3811.0
40000000	62000000	4235.0
41000000	62000000	4405.0
42000000	62000000	3567.0
43000000	62000000	2721.0
44000000	62000000	2127.0
45000000	62000000	2141.0
46000000	62000000	1474.0
47000000	62000000	1982.0
48000000	62000000	3040.0
49000000	62000000	3317.0
50000000	62000000	5031.0
51000000	62000000	4755.0
52000000	62000000	4113.0
53000000	62000000	5108.0
54000000	62000000	4451.0
55000000	62000000	4196.0
56000000	62000000	3731.0
57000000	62000000	7505.0
58000000	62000000	11439.0
59000000	62000000	13352.0
60000000	62000000	10996.0
61000000	62000000	67478.0
62000000	62000000	198757.0
0	63000000	1148.0
1000000	63000000	1495.0
2000000	63000000	1075.0
3000000	63000000	921.0
4000000	63000000	839.0
5000000	63000000	1240.0
6000000	63000000	1108.0
7000000	63000000	1129.0
8000000	63000000	907.0
9000000	63000000	502.0
10000000	63000000	659.0
11000000	63000000	805.0
12000000	63000000	634.0
13000000	63000000	923.0
14000000	63000000	837.0
15000000	63000000	265.0
18000000	63000000	940.0
19000000	63000000	1706.0
20000000	63000000	1472.0
21000000	63000000	1583.0
22000000	63000000	2198.0
23000000	63000000	2028.0
24000000	63000000	2544.0
25000000	63000000	2635.0
26000000	63000000	2760.0
27000000	63000000	2899.0
28000000	63000000	3074.0
29000000	63000000	2653.0
30000000	63000000	3494.0
31000000	63000000	3198.0
32000000	63000000	3063.0
33000000	63000000	1961.0
34000000	63000000	3010.0
35000000	63000000	2818.0
36000000	63000000	2359.0
37000000	63000000	2970.0
38000000	63000000	3222.0
39000000	63000000	3424.0
40000000	63000000	3809.0
41000000	63000000	4031.0
42000000	63000000	3321.0
43000000	63000000	2521.0
44000000	63000000	1795.0
45000000	63000000	1950.0
46000000	63000000	1358.0
47000000	63000000	1790.0
48000000	63000000	2817.0
49000000	63000000	3105.0
50000000	63000000	4541.0
51000000	63000000	4274.0
52000000	63000000	3559.0
53000000	63000000	4383.0
54000000	63000000	4004.0
55000000	63000000	3596.0
56000000	63000000	3164.0
57000000	63000000	5951.0
58000000	63000000	8486.0
59000000	63000000	9123.0
60000000	63000000	7631.0
61000000	63000000	23965.0
62000000	63000000	45416.0
63000000	63000000	177880.0
0	64000000	1097.0
1000000	64000000	1323.0
2000000	64000000	1015.0
3000000	64000000	903.0
4000000	64000000	683.0
5000000	64000000	1087.0
6000000	64000000	990.0
7000000	64000000	934.0
8000000	64000000	804.0
9000000	64000000	466.0
10000000	64000000	567.0
11000000	64000000	765.0
12000000	64000000	587.0
13000000	64000000	868.0
14000000	64000000	698.0
15000000	64000000	206.0
18000000	64000000	939.0
19000000	64000000	1543.0
20000000	64000000	1519.0
21000000	64000000	1546.0
22000000	64000000	2199.0
23000000	64000000	1905.0
24000000	64000000	2465.0
25000000	64000000	2400.0
26000000	64000000	2502.0
27000000	64000000	2927.0
28000000	64000000	3086.0
29000000	64000000	2628.0
30000000	64000000	3441.0
31000000	64000000	3137.0
32000000	64000000	3095.0
33000000	64000000	1886.0
34000000	64000000	2948.0
35000000	64000000	2527.0
36000000	64000000	2050.0
37000000	64000000	2644.0
38000000	64000000	3207.0
39000000	64000000	3508.0
40000000	64000000	3876.0
41000000	64000000	4146.0
42000000	64000000	3290.0
43000000	64000000	2601.0
44000000	64000000	1745.0
45000000	64000000	1851.0
46000000	64000000	1353.0
47000000	64000000	1670.0
48000000	64000000	2807.0
49000000	64000000	2882.0
50000000	64000000	4343.0
51000000	64000000	4230.0
52000000	64000000	3609.0
53000000	64000000	4145.0
54000000	64000000	3680.0
55000000	64000000	3399.0
56000000	64000000	2947.0
57000000	64000000	5521.0
58000000	64000000	7309.0
59000000	64000000	7404.0
60000000	64000000	5917.0
61000000	64000000	15284.0
62000000	64000000	19380.0
63000000	64000000	46068.0
64000000	64000000	168288.0
0	65000000	1169.0
1000000	65000000	1287.0
2000000	65000000	1142.0
3000000	65000000	891.0
4000000	65000000	631.0
5000000	65000000	1035.0
6000000	65000000	968.0
7000000	65000000	936.0
8000000	65000000	897.0
9000000	65000000	564.0
10000000	65000000	629.0
11000000	65000000	752.0
12000000	65000000	658.0
13000000	65000000	911.0
14000000	65000000	680.0
15000000	65000000	182.0
18000000	65000000	869.0
19000000	65000000	1663.0
20000000	65000000	1501.0
21000000	65000000	1564.0
22000000	65000000	2085.0
23000000	65000000	1896.0
24000000	65000000	2412.0
25000000	65000000	2309.0
26000000	65000000	2288.0
27000000	65000000	2483.0
28000000	65000000	2914.0
29000000	65000000	2588.0
30000000	65000000	3297.0
31000000	65000000	2946.0
32000000	65000000	2981.0
33000000	65000000	2036.0
34000000	65000000	2840.0
35000000	65000000	2350.0
36000000	65000000	1841.0
37000000	65000000	2333.0
38000000	65000000	2932.0
39000000	65000000	3318.0
40000000	65000000	3821.0
41000000	65000000	3870.0
42000000	65000000	3326.0
43000000	65000000	2547.0
44000000	65000000	1808.0
45000000	65000000	1888.0
46000000	65000000	1401.0
47000000	65000000	1717.0
48000000	65000000	2670.0
49000000	65000000	2742.0
50000000	65000000	3958.0
51000000	65000000	3994.0
52000000	65000000	3310.0
53000000	65000000	3927.0
54000000	65000000	3603.0
55000000	65000000	3228.0
56000000	65000000	2768.0
57000000	65000000	4669.0
58000000	65000000	6004.0
59000000	65000000	5724.0
60000000	65000000	4639.0
61000000	65000000	8280.0
62000000	65000000	8944.0
63000000	65000000	11519.0
64000000	65000000	42160.0
65000000	65000000	188824.0
0	66000000	1234.0
1000000	66000000	1213.0
2000000	66000000	1229.0
3000000	66000000	972.0
4000000	66000000	680.0
5000000	66000000	972.0
6000000	66000000	969.0
7000000	66000000	810.0
8000000	66000000	809.0
9000000	66000000	567.0
10000000	66000000	668.0
11000000	66000000	742.0
12000000	66000000	706.0
13000000	66000000	908.0
14000000	66000000	686.0
15000000	66000000	158.0
18000000	66000000	863.0
19000000	66000000	1741.0
20000000	66000000	1761.0
21000000	66000000	1750.0
22000000	66000000	2092.0
23000000	66000000	2103.0
24000000	66000000	2477.0
25000000	66000000	2257.0
26000000	66000000	2192.0
27000000	66000000	2433.0
28000000	66000000	3076.0
29000000	66000000	2985.0
30000000	66000000	3372.0
31000000	66000000	2973.0
32000000	66000000	3140.0
33000000	66000000	2185.0
34000000	66000000	3072.0
35000000	66000000	2307.0
36000000	66000000	2086.0
37000000	66000000	2210.0
38000000	66000000	2857.0
39000000	66000000	3568.0
40000000	66000000	3723.0
41000000	66000000	3782.0
42000000	66000000	3574.0
43000000	66000000	2899.0
44000000	66000000	1859.0
45000000	66000000	1872.0
46000000	66000000	1586.0
47000000	66000000	1942.0
48000000	66000000	3031.0
49000000	66000000	2936.0
50000000	66000000	4048.0
51000000	66000000	4349.0
52000000	66000000	3382.0
53000000	66000000	3838.0
54000000	66000000	3684.0
55000000	66000000	3241.0
56000000	66000000	3031.0
57000000	66000000	4795.0
58000000	66000000	5588.0
59000000	66000000	5445.0
60000000	66000000	4797.0
61000000	66000000	8118.0
62000000	66000000	7542.0
63000000	66000000	8930.0
64000000	66000000	25911.0
65000000	66000000	56201.0
66000000	66000000	198148.0
0	67000000	1923.0
1000000	67000000	1149.0
2000000	67000000	1921.0
3000000	67000000	1900.0
4000000	67000000	1302.0
5000000	67000000	1170.0
6000000	67000000	1272.0
7000000	67000000	821.0
8000000	67000000	1248.0
9000000	67000000	1421.0
10000000	67000000	1156.0
11000000	67000000	1250.0
12000000	67000000	1393.0
13000000	67000000	1718.0
14000000	67000000	874.0
15000000	67000000	132.0
18000000	67000000	1324.0
19000000	67000000	2819.0
20000000	67000000	3095.0
21000000	67000000	3443.0
22000000	67000000	2449.0
23000000	67000000	3499.0
24000000	67000000	3467.0
25000000	67000000	2248.0
26000000	67000000	2134.0
27000000	67000000	2299.0
28000000	67000000	3442.0
29000000	67000000	5224.0
30000000	67000000	3167.0
31000000	67000000	3610.0
32000000	67000000	4479.0
33000000	67000000	4518.0
34000000	67000000	4717.0
35000000	67000000	2577.0
36000000	67000000	2958.0
37000000	67000000	2343.0
38000000	67000000	2824.0
39000000	67000000	4562.0
40000000	67000000	3588.0
41000000	67000000	3373.0
42000000	67000000	5694.0
43000000	67000000	4968.0
44000000	67000000	3080.0
45000000	67000000	2639.0
46000000	67000000	3673.0
47000000	67000000	3540.0
48000000	67000000	5056.0
49000000	67000000	4723.0
50000000	67000000	3652.0
51000000	67000000	5742.0
52000000	67000000	4747.0
53000000	67000000	3971.0
54000000	67000000	5317.0
55000000	67000000	5236.0
56000000	67000000	5821.0
57000000	67000000	6480.0
58000000	67000000	4869.0
59000000	67000000	6591.0
60000000	67000000	9116.0
61000000	67000000	8897.0
62000000	67000000	5924.0
63000000	67000000	6827.0
64000000	67000000	12296.0
65000000	67000000	17273.0
66000000	67000000	71207.0
67000000	67000000	380423.0
0	68000000	1303.0
1000000	68000000	1411.0
2000000	68000000	1071.0
3000000	68000000	918.0
4000000	68000000	784.0
5000000	68000000	1059.0
6000000	68000000	1087.0
7000000	68000000	1255.0
8000000	68000000	917.0
9000000	68000000	621.0
10000000	68000000	639.0
11000000	68000000	714.0
12000000	68000000	680.0
13000000	68000000	1043.0
14000000	68000000	1282.0
15000000	68000000	372.0
18000000	68000000	1264.0
19000000	68000000	1857.0
20000000	68000000	1641.0
21000000	68000000	1567.0
22000000	68000000	2176.0
23000000	68000000	2060.0
24000000	68000000	2478.0
25000000	68000000	2708.0
26000000	68000000	2636.0
27000000	68000000	2511.0
28000000	68000000	2752.0
29000000	68000000	2465.0
30000000	68000000	2822.0
31000000	68000000	2825.0
32000000	68000000	3060.0
33000000	68000000	2130.0
34000000	68000000	3440.0
35000000	68000000	3617.0
36000000	68000000	3113.0
37000000	68000000	3217.0
38000000	68000000	3100.0
39000000	68000000	3488.0
40000000	68000000	3407.0
41000000	68000000	3427.0
42000000	68000000	3116.0
43000000	68000000	2614.0
44000000	68000000	1972.0
45000000	68000000	1880.0
46000000	68000000	1421.0
47000000	68000000	1877.0
48000000	68000000	3073.0
49000000	68000000	3569.0
50000000	68000000	4294.0
51000000	68000000	3993.0
52000000	68000000	3319.0
53000000	68000000	4107.0
54000000	68000000	3584.0
55000000	68000000	3110.0
56000000	68000000	2513.0
57000000	68000000	3881.0
58000000	68000000	4502.0
59000000	68000000	4503.0
60000000	68000000	3102.0
61000000	68000000	5209.0
62000000	68000000	5268.0
63000000	68000000	5842.0
64000000	68000000	8265.0
65000000	68000000	10149.0
66000000	68000000	23368.0
67000000	68000000	67644.0
68000000	68000000	204544.0
0	69000000	956.0
1000000	69000000	1353.0
2000000	69000000	777.0
3000000	69000000	648.0
4000000	69000000	814.0
5000000	69000000	840.0
6000000	69000000	860.0
7000000	69000000	1139.0
8000000	69000000	702.0
9000000	69000000	380.0
10000000	69000000	456.0
11000000	69000000	461.0
12000000	69000000	476.0
13000000	69000000	758.0
14000000	69000000	1158.0
15000000	69000000	429.0
18000000	69000000	965.0
19000000	69000000	1382.0
20000000	69000000	1096.0
21000000	69000000	936.0
22000000	69000000	1671.0
23000000	69000000	1382.0
24000000	69000000	1724.0
25000000	69000000	2428.0
26000000	69000000	2403.0
27000000	69000000	2279.0
28000000	69000000	2086.0
29000000	69000000	1564.0
30000000	69000000	2224.0
31000000	69000000	2203.0
32000000	69000000	2210.0
33000000	69000000	1401.0
34000000	69000000	2417.0
35000000	69000000	3187.0
36000000	69000000	2766.0
37000000	69000000	2968.0
38000000	69000000	2610.0
39000000	69000000	2369.0
40000000	69000000	2559.0
41000000	69000000	2728.0
42000000	69000000	1952.0
43000000	69000000	1602.0
44000000	69000000	1364.0
45000000	69000000	1346.0
46000000	69000000	931.0
47000000	69000000	1230.0
48000000	69000000	2116.0
49000000	69000000	2860.0
50000000	69000000	3571.0
51000000	69000000	2920.0
52000000	69000000	2434.0
53000000	69000000	3270.0
54000000	69000000	2558.0
55000000	69000000	2082.0
56000000	69000000	1647.0
57000000	69000000	2667.0
58000000	69000000	3246.0
59000000	69000000	3075.0
60000000	69000000	1933.0
61000000	69000000	3374.0
62000000	69000000	3962.0
63000000	69000000	4386.0
64000000	69000000	5055.0
65000000	69000000	5587.0
66000000	69000000	7637.0
67000000	69000000	11254.0
68000000	69000000	56139.0
69000000	69000000	169554.0
0	70000000	1327.0
1000000	70000000	1357.0
2000000	70000000	1191.0
3000000	70000000	1082.0
4000000	70000000	1198.0
5000000	70000000	1097.0
6000000	70000000	1130.0
7000000	70000000	1251.0
8000000	70000000	995.0
9000000	70000000	688.0
10000000	70000000	728.0
11000000	70000000	829.0
12000000	70000000	731.0
13000000	70000000	1086.0
14000000	70000000	1169.0
15000000	70000000	327.0
18000000	70000000	1316.0
19000000	70000000	1982.0
20000000	70000000	1728.0
21000000	70000000	1756.0
22000000	70000000	2134.0
23000000	70000000	2089.0
24000000	70000000	2484.0
25000000	70000000	2561.0
26000000	70000000	2499.0
27000000	70000000	2339.0
28000000	70000000	2713.0
29000000	70000000	2574.0
30000000	70000000	2683.0
31000000	70000000	2910.0
32000000	70000000	3042.0
33000000	70000000	2436.0
34000000	70000000	3496.0
35000000	70000000	3259.0
36000000	70000000	3025.0
37000000	70000000	3124.0
38000000	70000000	2972.0
39000000	70000000	3432.0
40000000	70000000	3147.0
41000000	70000000	3158.0
42000000	70000000	3207.0
43000000	70000000	2692.0
44000000	70000000	1972.0
45000000	70000000	1998.0
46000000	70000000	1555.0
47000000	70000000	1938.0
48000000	70000000	3205.0
49000000	70000000	3663.0
50000000	70000000	3906.0
51000000	70000000	3917.0
52000000	70000000	3150.0
53000000	70000000	3712.0
54000000	70000000	3301.0
55000000	70000000	3031.0
56000000	70000000	2671.0
57000000	70000000	3508.0
58000000	70000000	3886.0
59000000	70000000	4222.0
60000000	70000000	3513.0
61000000	70000000	4469.0
62000000	70000000	4390.0
63000000	70000000	4650.0
64000000	70000000	5230.0
65000000	70000000	5782.0
66000000	70000000	8073.0
67000000	70000000	13493.0
68000000	70000000	33444.0
69000000	70000000	49576.0
70000000	70000000	230234.0
0	71000000	2010.0
1000000	71000000	1592.0
2000000	71000000	1544.0
3000000	71000000	1445.0
4000000	71000000	1015.0
5000000	71000000	1511.0
6000000	71000000	1527.0
7000000	71000000	1462.0
8000000	71000000	1428.0
9000000	71000000	1029.0
10000000	71000000	1078.0
11000000	71000000	1141.0
12000000	71000000	1205.0
13000000	71000000	1791.0
14000000	71000000	1279.0
15000000	71000000	271.0
18000000	71000000	1577.0
19000000	71000000	2927.0
20000000	71000000	2526.0
21000000	71000000	2676.0
22000000	71000000	2948.0
23000000	71000000	2841.0
24000000	71000000	3028.0
25000000	71000000	2646.0
26000000	71000000	2378.0
27000000	71000000	2443.0
28000000	71000000	2856.0
29000000	71000000	3373.0
30000000	71000000	3178.0
31000000	71000000	3079.0
32000000	71000000	3740.0
33000000	71000000	3143.0
34000000	71000000	4658.0
35000000	71000000	3834.0
36000000	71000000	2903.0
37000000	71000000	2979.0
38000000	71000000	3237.0
39000000	71000000	4218.0
40000000	71000000	3692.0
41000000	71000000	3806.0
42000000	71000000	4314.0
43000000	71000000	4297.0
44000000	71000000	3108.0
45000000	71000000	3157.0
46000000	71000000	2412.0
47000000	71000000	3031.0
48000000	71000000	4580.0
49000000	71000000	3676.0
50000000	71000000	4258.0
51000000	71000000	4553.0
52000000	71000000	3669.0
53000000	71000000	4234.0
54000000	71000000	4502.0
55000000	71000000	4298.0
56000000	71000000	3877.0
57000000	71000000	4946.0
58000000	71000000	4592.0
59000000	71000000	5545.0
60000000	71000000	4427.0
61000000	71000000	5878.0
62000000	71000000	4750.0
63000000	71000000	4779.0
64000000	71000000	5413.0
65000000	71000000	5905.0
66000000	71000000	7696.0
67000000	71000000	11520.0
68000000	71000000	18208.0
69000000	71000000	17705.0
70000000	71000000	80519.0
71000000	71000000	279991.0
0	72000000	2751.0
1000000	72000000	991.0
2000000	72000000	2279.0
3000000	72000000	2751.0
4000000	72000000	1727.0
5000000	72000000	1754.0
6000000	72000000	1813.0
7000000	72000000	1279.0
8000000	72000000	2115.0
9000000	72000000	2205.0
10000000	72000000	1969.0
11000000	72000000	2076.0
12000000	72000000	2589.0
13000000	72000000	3204.0
14000000	72000000	1147.0
15000000	72000000	182.0
18000000	72000000	1895.0
19000000	72000000	4374.0
20000000	72000000	4417.0
21000000	72000000	4943.0
22000000	72000000	3270.0
23000000	72000000	4129.0
24000000	72000000	3745.0
25000000	72000000	1998.0
26000000	72000000	1732.0
27000000	72000000	1637.0
28000000	72000000	2571.0
29000000	72000000	5024.0
30000000	72000000	2579.0
31000000	72000000	2745.0
32000000	72000000	4290.0
33000000	72000000	5649.0
34000000	72000000	6071.0
35000000	72000000	3021.0
36000000	72000000	2739.0
37000000	72000000	2010.0
38000000	72000000	2261.0
39000000	72000000	4482.0
40000000	72000000	2779.0
41000000	72000000	2854.0
42000000	72000000	6192.0
43000000	72000000	7109.0
44000000	72000000	5151.0
45000000	72000000	4955.0
46000000	72000000	5577.0
47000000	72000000	5415.0
48000000	72000000	6493.0
49000000	72000000	4266.0
50000000	72000000	2952.0
51000000	72000000	4693.0
52000000	72000000	4026.0
53000000	72000000	3444.0
54000000	72000000	6053.0
55000000	72000000	6885.0
56000000	72000000	7108.0
57000000	72000000	5886.0
58000000	72000000	3603.0
59000000	72000000	6388.0
60000000	72000000	8802.0
61000000	72000000	6896.0
62000000	72000000	3430.0
63000000	72000000	3513.0
64000000	72000000	3903.0
65000000	72000000	4363.0
66000000	72000000	5660.0
67000000	72000000	11424.0
68000000	72000000	8961.0
69000000	72000000	7405.0
70000000	72000000	18861.0
71000000	72000000	87469.0
72000000	72000000	431799.0
0	73000000	2065.0
1000000	73000000	1806.0
2000000	73000000	1452.0
3000000	73000000	1395.0
4000000	73000000	986.0
5000000	73000000	1875.0
6000000	73000000	1900.0
7000000	73000000	2065.0
8000000	73000000	2069.0
9000000	73000000	1123.0
10000000	73000000	1418.0
11000000	73000000	1638.0
12000000	73000000	1408.0
13000000	73000000	2231.0
14000000	73000000	1598.0
15000000	73000000	363.0
18000000	73000000	1755.0
19000000	73000000	3575.0
20000000	73000000	3012.0
21000000	73000000	2907.0
22000000	73000000	3978.0
23000000	73000000	2995.0
24000000	73000000	2974.0
25000000	73000000	2813.0
26000000	73000000	2579.0
27000000	73000000	2420.0
28000000	73000000	2701.0
29000000	73000000	2783.0
30000000	73000000	3210.0
31000000	73000000	2775.0
32000000	73000000	3257.0
33000000	73000000	2688.0
34000000	73000000	4691.0
35000000	73000000	4301.0
36000000	73000000	2671.0
37000000	73000000	3106.0
38000000	73000000	3209.0
39000000	73000000	4061.0
40000000	73000000	3797.0
41000000	73000000	3903.0
42000000	73000000	3866.0
43000000	73000000	4590.0
44000000	73000000	4187.0
45000000	73000000	4574.0
46000000	73000000	2601.0
47000000	73000000	3792.0
48000000	73000000	4810.0
49000000	73000000	3601.0
50000000	73000000	4314.0
51000000	73000000	4153.0
52000000	73000000	3311.0
53000000	73000000	4157.0
54000000	73000000	4378.0
55000000	73000000	4293.0
56000000	73000000	3449.0
57000000	73000000	4930.0
58000000	73000000	4790.0
59000000	73000000	5355.0
60000000	73000000	3342.0
61000000	73000000	4980.0
62000000	73000000	4648.0
63000000	73000000	4329.0
64000000	73000000	4918.0
65000000	73000000	4893.0
66000000	73000000	5525.0
67000000	73000000	6371.0
68000000	73000000	10265.0
69000000	73000000	9755.0
70000000	73000000	15153.0
71000000	73000000	32532.0
72000000	73000000	114218.0
73000000	73000000	314150.0
0	74000000	4142.0
1000000	74000000	1467.0
2000000	74000000	2911.0
3000000	74000000	2872.0
4000000	74000000	1560.0
5000000	74000000	1941.0
6000000	74000000	2154.0
7000000	74000000	1725.0
8000000	74000000	2698.0
9000000	74000000	2591.0
10000000	74000000	2177.0
11000000	74000000	2373.0
12000000	74000000	3113.0
13000000	74000000	4698.0
14000000	74000000	1990.0
15000000	74000000	271.0
18000000	74000000	2883.0
19000000	74000000	6057.0
20000000	74000000	5501.0
21000000	74000000	5612.0
22000000	74000000	3729.0
23000000	74000000	4649.0
24000000	74000000	4183.0
25000000	74000000	2538.0
26000000	74000000	2159.0
27000000	74000000	2004.0
28000000	74000000	3174.0
29000000	74000000	5702.0
30000000	74000000	3005.0
31000000	74000000	3076.0
32000000	74000000	4623.0
33000000	74000000	5655.0
34000000	74000000	6226.0
35000000	74000000	3754.0
36000000	74000000	3502.0
37000000	74000000	2514.0
38000000	74000000	2802.0
39000000	74000000	5210.0
40000000	74000000	3236.0
41000000	74000000	3092.0
42000000	74000000	6156.0
43000000	74000000	7516.0
44000000	74000000	5273.0
45000000	74000000	5182.0
46000000	74000000	5486.0
47000000	74000000	6015.0
48000000	74000000	7260.0
49000000	74000000	5109.0
50000000	74000000	3509.0
51000000	74000000	5640.0
52000000	74000000	4719.0
53000000	74000000	4020.0
54000000	74000000	6208.0
55000000	74000000	6862.0
56000000	74000000	7479.0
57000000	74000000	7085.0
58000000	74000000	4089.0
59000000	74000000	6341.0
60000000	74000000	7981.0
61000000	74000000	6910.0
62000000	74000000	3697.0
63000000	74000000	3693.0
64000000	74000000	3961.0
65000000	74000000	4302.0
66000000	74000000	5294.0
67000000	74000000	9715.0
68000000	74000000	7793.0
69000000	74000000	6042.0
70000000	74000000	11491.0
71000000	74000000	22120.0
72000000	74000000	58399.0
73000000	74000000	85525.0
74000000	74000000	497228.0
0	75000000	2386.0
1000000	75000000	2249.0
2000000	75000000	1253.0
3000000	75000000	961.0
4000000	75000000	1105.0
5000000	75000000	1483.0
6000000	75000000	1606.0
7000000	75000000	2381.0
8000000	75000000	1617.0
9000000	75000000	710.0
10000000	75000000	940.0
11000000	75000000	1042.0
12000000	75000000	1102.0
13000000	75000000	2245.0
14000000	75000000	2816.0
15000000	75000000	923.0
18000000	75000000	2705.0
19000000	75000000	3279.0
20000000	75000000	2050.0
21000000	75000000	1726.0
22000000	75000000	2627.0
23000000	75000000	1967.0
24000000	75000000	2272.0
25000000	75000000	2795.0
26000000	75000000	2543.0
27000000	75000000	2305.0
28000000	75000000	2193.0
29000000	75000000	1788.0
30000000	75000000	2251.0
31000000	75000000	2080.0
32000000	75000000	2334.0
33000000	75000000	1682.0
34000000	75000000	3246.0
35000000	75000000	4514.0
36000000	75000000	3167.0
37000000	75000000	3393.0
38000000	75000000	2805.0
39000000	75000000	2956.0
40000000	75000000	2680.0
41000000	75000000	2759.0
42000000	75000000	2337.0
43000000	75000000	2449.0
44000000	75000000	2530.0
45000000	75000000	2595.0
46000000	75000000	1265.0
47000000	75000000	2171.0
48000000	75000000	3165.0
49000000	75000000	3137.0
50000000	75000000	3804.0
51000000	75000000	2989.0
52000000	75000000	2308.0
53000000	75000000	3407.0
54000000	75000000	2984.0
55000000	75000000	2646.0
56000000	75000000	1967.0
57000000	75000000	3033.0
58000000	75000000	3299.0
59000000	75000000	3190.0
60000000	75000000	1746.0
61000000	75000000	2931.0
62000000	75000000	3404.0
63000000	75000000	3341.0
64000000	75000000	3303.0
65000000	75000000	3391.0
66000000	75000000	3510.0
67000000	75000000	3873.0
68000000	75000000	8189.0
69000000	75000000	8435.0
70000000	75000000	9549.0
71000000	75000000	11786.0
72000000	75000000	10663.0
73000000	75000000	26517.0
74000000	75000000	72094.0
75000000	75000000	233460.0
0	76000000	3454.0
1000000	76000000	2150.0
2000000	76000000	1430.0
3000000	76000000	1289.0
4000000	76000000	1345.0
5000000	76000000	1502.0
6000000	76000000	1710.0
7000000	76000000	2563.0
8000000	76000000	1909.0
9000000	76000000	1227.0
10000000	76000000	1213.0
11000000	76000000	1227.0
12000000	76000000	1417.0
13000000	76000000	3132.0
14000000	76000000	3583.0
15000000	76000000	1244.0
18000000	76000000	3733.0
19000000	76000000	3634.0
20000000	76000000	2439.0
21000000	76000000	2080.0
22000000	76000000	2365.0
23000000	76000000	2223.0
24000000	76000000	2267.0
25000000	76000000	2524.0
26000000	76000000	2267.0
27000000	76000000	1745.0
28000000	76000000	1818.0
29000000	76000000	2129.0
30000000	76000000	1757.0
31000000	76000000	1829.0
32000000	76000000	2442.0
33000000	76000000	2245.0
34000000	76000000	3719.0
35000000	76000000	4620.0
36000000	76000000	3607.0
37000000	76000000	3039.0
38000000	76000000	2211.0
39000000	76000000	2471.0
40000000	76000000	1946.0
41000000	76000000	2032.0
42000000	76000000	2409.0
43000000	76000000	3073.0
44000000	76000000	2699.0
45000000	76000000	2794.0
46000000	76000000	1827.0
47000000	76000000	2562.0
48000000	76000000	3680.0
49000000	76000000	3473.0
50000000	76000000	3012.0
51000000	76000000	2683.0
52000000	76000000	2219.0
53000000	76000000	2954.0
54000000	76000000	3236.0
55000000	76000000	3101.0
56000000	76000000	2550.0
57000000	76000000	3030.0
58000000	76000000	2483.0
59000000	76000000	3219.0
60000000	76000000	2417.0
61000000	76000000	3099.0
62000000	76000000	2610.0
63000000	76000000	2562.0
64000000	76000000	2444.0
65000000	76000000	2510.0
66000000	76000000	2622.0
67000000	76000000	3938.0
68000000	76000000	7461.0
69000000	76000000	7469.0
70000000	76000000	8287.0
71000000	76000000	9340.0
72000000	76000000	9703.0
73000000	76000000	15575.0
74000000	76000000	28373.0
75000000	76000000	91794.0
76000000	76000000	309985.0
0	77000000	9975.0
1000000	77000000	1724.0
2000000	77000000	3182.0
3000000	77000000	2974.0
4000000	77000000	1935.0
5000000	77000000	1915.0
6000000	77000000	2044.0
7000000	77000000	1944.0
8000000	77000000	2843.0
9000000	77000000	3298.0
10000000	77000000	2401.0
11000000	77000000	2558.0
12000000	77000000	3835.0
13000000	77000000	6051.0
14000000	77000000	2572.0
15000000	77000000	495.0
18000000	77000000	3830.0
19000000	77000000	5554.0
20000000	77000000	4723.0
21000000	77000000	4619.0
22000000	77000000	2708.0
23000000	77000000	3637.0
24000000	77000000	3183.0
25000000	77000000	1940.0
26000000	77000000	1711.0
27000000	77000000	1375.0
28000000	77000000	2089.0
29000000	77000000	4289.0
30000000	77000000	1816.0
31000000	77000000	2187.0
32000000	77000000	3731.0
33000000	77000000	5227.0
34000000	77000000	5196.0
35000000	77000000	2965.0
36000000	77000000	3257.0
37000000	77000000	2036.0
38000000	77000000	1875.0
39000000	77000000	3264.0
40000000	77000000	1782.0
41000000	77000000	1788.0
42000000	77000000	4138.0
43000000	77000000	6045.0
44000000	77000000	4807.0
45000000	77000000	4653.0
46000000	77000000	4978.0
47000000	77000000	5815.0
48000000	77000000	6187.0
49000000	77000000	4206.0
50000000	77000000	2349.0
51000000	77000000	3683.0
52000000	77000000	3081.0
53000000	77000000	2687.0
54000000	77000000	4658.0
55000000	77000000	5711.0
56000000	77000000	6225.0
57000000	77000000	4357.0
58000000	77000000	2347.0
59000000	77000000	4427.0
60000000	77000000	6057.0
61000000	77000000	4457.0
62000000	77000000	2355.0
63000000	77000000	2328.0
64000000	77000000	2344.0
65000000	77000000	2584.0
66000000	77000000	3030.0
67000000	77000000	5966.0
68000000	77000000	4845.0
69000000	77000000	3962.0
70000000	77000000	6105.0
71000000	77000000	8713.0
72000000	77000000	14657.0
73000000	77000000	10981.0
74000000	77000000	32913.0
75000000	77000000	29136.0
76000000	77000000	87515.0
77000000	77000000	511028.0
0	78000000	416.0
1000000	78000000	33.0
2000000	78000000	76.0
3000000	78000000	62.0
4000000	78000000	53.0
5000000	78000000	40.0
6000000	78000000	43.0
7000000	78000000	47.0
8000000	78000000	76.0
9000000	78000000	65.0
10000000	78000000	54.0
11000000	78000000	55.0
12000000	78000000	80.0
13000000	78000000	128.0
14000000	78000000	41.0
15000000	78000000	7.0
18000000	78000000	59.0
19000000	78000000	106.0
20000000	78000000	92.0
21000000	78000000	80.0
22000000	78000000	62.0
23000000	78000000	69.0
24000000	78000000	58.0
25000000	78000000	44.0
26000000	78000000	32.0
27000000	78000000	18.0
28000000	78000000	39.0
29000000	78000000	104.0
30000000	78000000	34.0
31000000	78000000	52.0
32000000	78000000	57.0
33000000	78000000	96.0
34000000	78000000	95.0
35000000	78000000	45.0
36000000	78000000	54.0
37000000	78000000	36.0
38000000	78000000	41.0
39000000	78000000	58.0
40000000	78000000	39.0
41000000	78000000	35.0
42000000	78000000	69.0
43000000	78000000	117.0
44000000	78000000	102.0
45000000	78000000	77.0
46000000	78000000	132.0
47000000	78000000	136.0
48000000	78000000	123.0
49000000	78000000	84.0
50000000	78000000	40.0
51000000	78000000	85.0
52000000	78000000	54.0
53000000	78000000	52.0
54000000	78000000	97.0
55000000	78000000	105.0
56000000	78000000	160.0
57000000	78000000	96.0
58000000	78000000	56.0
59000000	78000000	98.0
60000000	78000000	136.0
61000000	78000000	106.0
62000000	78000000	45.0
63000000	78000000	63.0
64000000	78000000	66.0
65000000	78000000	54.0
66000000	78000000	70.0
67000000	78000000	131.0
68000000	78000000	91.0
69000000	78000000	72.0
70000000	78000000	119.0
71000000	78000000	157.0
72000000	78000000	261.0
73000000	78000000	155.0
74000000	78000000	435.0
75000000	78000000	291.0
76000000	78000000	651.0
77000000	78000000	12001.0
78000000	78000000	4471.0
